Exp, Mean, Var, Tau, Temp, Mixtures, Test Acc, Val Acc, Sparse, CR
0, 0.05725487884358381, 0.3043676123956402, 3.9153756672351225e-06, 21, 6, 9.8, 9.91, 100.0, 127.62947670765641
1, 18105.58243027124, 0.3043676123956402, 3.9153756672351225e-06, 21, 6, 50.91, 51.75, 0.0, 3.5552710734172277
2, 0.05725487884358381, 0.16962590880724215, 3.9153756672351225e-06, 21, 6, 9.8, 9.91, 100.0, 127.62947670765641
3, 0.05725487884358381, 0.3043676123956402, 0.0003141017185010456, 21, 6, 9.8, 9.91, 100.0, 127.62947670765641
4, 0.05725487884358381, 0.3043676123956402, 3.9153756672351225e-06, 16, 6, 9.8, 9.91, 100.0, 127.62947670765641
5, 0.05725487884358381, 0.3043676123956402, 3.9153756672351225e-06, 21, 3, 56.74, 58.15, 0.0, 3.999819969844949
6, 0.05725487884358381, 0.16962590880724215, 0.0003141017185010456, 16, 3, 9.8, 9.91, 0.0, 3.999819969844949
7, 18105.58243027124, 0.3043676123956402, 0.0003141017185010456, 16, 3, 9.8, 9.91, 0.0, 3.999819969844949
8, 18105.58243027124, 0.16962590880724215, 3.9153756672351225e-06, 16, 3, 9.8, 9.91, 0.0, 3.999819969844949
9, 18105.58243027124, 0.16962590880724215, 0.0003141017185010456, 21, 3, 9.8, 9.91, 0.0, 3.999819969844949
10, 18105.58243027124, 0.16962590880724215, 0.0003141017185010456, 16, 6, 9.8, 9.91, 0.0, 3.5552710734172277
11, 18105.58243027124, 0.16962590880724215, 0.0003141017185010456, 16, 3, 9.8, 9.91, 0.0, 3.999819969844949
12, 572.5487884358386, 96.24949011575222, 1.23815050036645e-08, 6, 13, 63.79, 64.62, 97.06612655189227, 65.32757511715519
13, 1.8105582430271239, 96.24949011575222, 1.23815050036645e-08, 6, 13, 70.65, 74.56, 0.0, 3.1995007717936064
14, 572.5487884358386, 53.64042220069004, 1.23815050036645e-08, 6, 13, 64.09, 64.68, 97.05299876223698, 65.14798863740494
15, 572.5487884358386, 96.24949011575222, 9.932768474363525e-07, 6, 13, 74.93, 75.15, 0.0, 3.1995007717936064
16, 572.5487884358386, 96.24949011575222, 1.23815050036645e-08, 1, 13, 56.44, 56.57, 0.0, 3.1995007717936064
17, 572.5487884358386, 96.24949011575222, 1.23815050036645e-08, 6, 10, 53.4, 53.97, 0.0, 3.199615964476714
18, 572.5487884358386, 53.64042220069004, 9.932768474363525e-07, 1, 10, 85.02, 84.55, 0.0, 3.199615964476714
19, 1.8105582430271239, 96.24949011575222, 9.932768474363525e-07, 1, 10, 9.8, 9.91, 100.0, 114.70180155955902
20, 1.8105582430271239, 53.64042220069004, 1.23815050036645e-08, 1, 10, 76.71, 78.39, 0.0, 3.199615964476714
21, 1.8105582430271239, 53.64042220069004, 9.932768474363525e-07, 6, 10, 9.8, 9.91, 100.0, 114.70180155955902
22, 1.8105582430271239, 53.64042220069004, 9.932768474363525e-07, 1, 13, 9.8, 9.91, 100.0, 114.55395026585745
23, 1.8105582430271239, 53.64042220069004, 9.932768474363525e-07, 1, 10, 9.8, 9.91, 100.0, 114.70180155955902
24, 57254.87884358398, 5.412506582058746, 6.962631931611631e-05, 28, 9, 9.8, 9.91, 0.0, 3.1996543638810255
25, 0.01810558243027123, 5.412506582058746, 6.962631931611631e-05, 28, 9, 9.8, 9.91, 100.0, 114.75117017270135
26, 57254.87884358398, 3.016422610410587, 6.962631931611631e-05, 28, 9, 9.8, 9.91, 0.0, 3.1996543638810255
27, 57254.87884358398, 5.412506582058746, 5.585606186682504e-08, 28, 9, 22.27, 21.78, 0.0, 3.1996543638810255
28, 57254.87884358398, 5.412506582058746, 6.962631931611631e-05, 8, 9, 9.8, 9.91, 0.0, 3.1996543638810255
29, 57254.87884358398, 5.412506582058746, 6.962631931611631e-05, 28, 13, 9.8, 9.91, 0.0, 3.1995007717936064
30, 57254.87884358398, 3.016422610410587, 5.585606186682504e-08, 8, 13, 15.79, 15.1, 0.0, 3.1995007717936064
31, 0.01810558243027123, 5.412506582058746, 5.585606186682504e-08, 8, 13, 74.58, 74.65, 80.50185664453696, 15.55580677040219
32, 0.01810558243027123, 3.016422610410587, 6.962631931611631e-05, 8, 13, 9.8, 9.91, 100.0, 114.55395026585745
33, 0.01810558243027123, 3.016422610410587, 5.585606186682504e-08, 28, 13, 9.8, 9.91, 100.0, 114.55395026585745
34, 0.01810558243027123, 3.016422610410587, 5.585606186682504e-08, 8, 9, 75.64, 75.71, 84.40381080979708, 19.078150576491318
35, 0.01810558243027123, 3.016422610410587, 5.585606186682504e-08, 8, 13, 68.66, 69.67, 80.11439930985334, 15.271235407202157
36, 5.725487884358383, 1711.5848649958707, 2.201777541331045e-07, 13, 3, 10.28, 10.9, 93.70728779865722, 48.80955650144171
37, 181.0558243027123, 1711.5848649958707, 2.201777541331045e-07, 13, 3, 10.28, 10.9, 93.65740219796706, 48.474545454545456
38, 5.725487884358383, 953.8765834528191, 2.201777541331045e-07, 13, 3, 9.74, 10.09, 93.73354337796782, 48.93722466960352
39, 5.725487884358383, 1711.5848649958707, 1.766323766264439e-05, 13, 3, 54.59, 56.99, 0.0, 3.999819969844949
40, 5.725487884358383, 1711.5848649958707, 2.201777541331045e-07, 23, 3, 9.74, 10.09, 96.70304939799708, 73.48676957001102
41, 5.725487884358383, 1711.5848649958707, 2.201777541331045e-07, 13, 7, 9.8, 9.91, 100.0, 127.56840814617662
42, 5.725487884358383, 953.8765834528191, 1.766323766264439e-05, 23, 7, 9.8, 9.91, 100.0, 127.56840814617662
43, 181.0558243027123, 1711.5848649958707, 1.766323766264439e-05, 23, 7, 34.0, 34.74, 0.0, 3.5552236641533117
44, 181.0558243027123, 953.8765834528191, 2.201777541331045e-07, 23, 7, 9.8, 9.91, 100.0, 127.56840814617662
45, 181.0558243027123, 953.8765834528191, 1.766323766264439e-05, 13, 7, 51.23, 54.28, 0.0, 3.5552236641533117
46, 181.0558243027123, 953.8765834528191, 1.766323766264439e-05, 23, 3, 31.09, 33.12, 0.0, 3.999819969844949
47, 181.0558243027123, 953.8765834528191, 1.766323766264439e-05, 23, 7, 33.97, 35.02, 0.0, 3.5552236641533117
48, 0.5725487884358382, 22.824351004383605, 5.2212373672288026e-08, 10, 5, 73.79, 74.07, 0.0, 3.5553184839455754
49, 1810.5582430271252, 22.824351004383605, 5.2212373672288026e-08, 10, 5, 68.93, 69.08, 0.0, 3.5553184839455754
50, 0.5725487884358382, 12.720148676730615, 5.2212373672288026e-08, 10, 5, 72.15, 72.78, 0.0, 3.5553184839455754
51, 0.5725487884358382, 22.824351004383605, 1.3245559641279942e-08, 10, 5, 88.13, 89.47, 0.0, 3.5553184839455754
52, 0.5725487884358382, 22.824351004383605, 5.2212373672288026e-08, 12, 5, 64.26, 65.41, 0.0, 3.5553184839455754
53, 0.5725487884358382, 22.824351004383605, 5.2212373672288026e-08, 10, 12, 67.11, 68.37, 80.82217471212633, 15.806604612557065
54, 0.5725487884358382, 12.720148676730615, 1.3245559641279942e-08, 12, 12, 95.43, 95.67, 0.0, 3.199539168433038
55, 1810.5582430271252, 22.824351004383605, 1.3245559641279942e-08, 12, 12, 77.21, 79.01, 0.0, 3.199539168433038
56, 1810.5582430271252, 12.720148676730615, 5.2212373672288026e-08, 12, 12, 44.79, 43.55, 0.0, 3.199539168433038
57, 1810.5582430271252, 12.720148676730615, 1.3245559641279942e-08, 10, 12, 74.6, 75.66, 0.0, 3.199539168433038
58, 1810.5582430271252, 12.720148676730615, 1.3245559641279942e-08, 12, 5, 19.63, 18.38, 0.0, 3.5553184839455754
59, 1810.5582430271252, 12.720148676730615, 1.3245559641279942e-08, 12, 12, 77.93, 78.99, 0.0, 3.199539168433038
60, 5725.487884358392, 7217.693528900402, 1.6511002284824024e-05, 25, 11, 16.54, 17.34, 0.0, 3.1995775659940624
61, 0.18105582430271236, 7217.693528900402, 1.6511002284824024e-05, 25, 11, 9.8, 9.91, 100.0, 114.65247540719238
62, 5725.487884358392, 4022.464199444558, 1.6511002284824024e-05, 25, 11, 25.69, 26.18, 0.0, 3.1995775659940624
63, 5725.487884358392, 7217.693528900402, 4.18861373500475e-06, 25, 11, 73.54, 74.85, 0.0, 3.1995775659940624
64, 5725.487884358392, 7217.693528900402, 1.6511002284824024e-05, 27, 11, 22.08, 22.42, 0.0, 3.1995775659940624
65, 5725.487884358392, 7217.693528900402, 1.6511002284824024e-05, 25, 5, 9.8, 9.91, 0.0, 3.5553184839455754
66, 5725.487884358392, 4022.464199444558, 4.18861373500475e-06, 27, 5, 9.74, 10.09, 0.0, 3.5553184839455754
67, 0.18105582430271236, 7217.693528900402, 4.18861373500475e-06, 27, 5, 9.8, 9.91, 100.0, 127.69060376567785
68, 0.18105582430271236, 4022.464199444558, 1.6511002284824024e-05, 27, 5, 9.8, 9.91, 99.11068602077941, 99.4825032941149
69, 0.18105582430271236, 4022.464199444558, 4.18861373500475e-06, 25, 5, 9.8, 9.91, 100.0, 127.69060376567785
70, 0.18105582430271236, 4022.464199444558, 4.18861373500475e-06, 27, 11, 9.8, 9.91, 100.0, 114.65247540719238
71, 0.18105582430271236, 4022.464199444558, 4.18861373500475e-06, 27, 5, 9.8, 9.91, 100.0, 127.69060376567785
72, 57.254878843583896, 1.283507579041475, 9.284818905068834e-07, 2, 14, 10.32, 9.9, 99.49026668166987, 101.85916569163543
73, 0.0018105582430271226, 1.283507579041475, 9.284818905068834e-07, 2, 14, 9.8, 9.91, 100.0, 114.50475116765985
74, 57.254878843583896, 0.7153065263490955, 9.284818905068834e-07, 2, 14, 10.32, 9.9, 99.5270244927047, 102.44626431950816
75, 57.254878843583896, 1.283507579041475, 7.448525561565191e-05, 2, 14, 18.81, 18.53, 0.0, 3.1994623760757355
76, 57.254878843583896, 1.283507579041475, 9.284818905068834e-07, 19, 14, 23.59, 23.02, 0.0, 3.1994623760757355
77, 57.254878843583896, 1.283507579041475, 9.284818905068834e-07, 2, 8, 10.32, 9.9, 0.0, 3.5551762561537763
78, 57.254878843583896, 0.7153065263490955, 7.448525561565191e-05, 19, 8, 8.69, 8.11, 0.0, 3.5551762561537763
79, 0.0018105582430271226, 1.283507579041475, 7.448525561565191e-05, 19, 8, 9.8, 9.91, 100.0, 127.50739799730982
80, 0.0018105582430271226, 0.7153065263490955, 9.284818905068834e-07, 19, 8, 9.8, 9.91, 100.0, 127.50739799730982
81, 0.0018105582430271226, 0.7153065263490955, 7.448525561565191e-05, 2, 8, 9.8, 9.91, 100.0, 127.50739799730982
82, 0.0018105582430271226, 0.7153065263490955, 7.448525561565191e-05, 19, 14, 9.8, 9.91, 100.0, 114.50475116765985
83, 0.0018105582430271226, 0.7153065263490955, 7.448525561565191e-05, 19, 8, 9.8, 9.91, 100.0, 127.50739799730982
84, 0.0057254878843583795, 405.88073438596575, 0.00029361175402208234, 17, 8, 9.8, 9.91, 100.0, 127.50739799730982
85, 18.105582430271244, 405.88073438596575, 0.00029361175402208234, 17, 8, 9.8, 9.91, 100.0, 127.50739799730982
86, 0.0057254878843583795, 226.19978484463883, 0.00029361175402208234, 17, 8, 9.8, 9.91, 100.0, 127.50739799730982
87, 0.0057254878843583795, 405.88073438596575, 2.3554305984530715e-07, 17, 8, 9.8, 9.91, 100.0, 127.50739799730982
88, 0.0057254878843583795, 405.88073438596575, 0.00029361175402208234, 4, 8, 9.8, 9.91, 100.0, 127.50739799730982
89, 0.0057254878843583795, 405.88073438596575, 0.00029361175402208234, 17, 15, 9.8, 9.91, 100.0, 114.45559431177891
90, 0.0057254878843583795, 226.19978484463883, 2.3554305984530715e-07, 4, 15, 9.8, 9.91, 100.0, 114.45559431177891
91, 18.105582430271244, 405.88073438596575, 2.3554305984530715e-07, 4, 15, 9.8, 9.91, 100.0, 114.45559431177891
92, 18.105582430271244, 226.19978484463883, 0.00029361175402208234, 4, 15, 9.8, 9.91, 100.0, 114.45559431177891
93, 18.105582430271244, 226.19978484463883, 2.3554305984530715e-07, 17, 15, 9.8, 9.91, 100.0, 114.45559431177891
94, 18.105582430271244, 226.19978484463883, 2.3554305984530715e-07, 4, 8, 9.8, 9.91, 100.0, 127.50739799730982
95, 18.105582430271244, 226.19978484463883, 2.3554305984530715e-07, 4, 15, 9.8, 9.91, 100.0, 114.45559431177891
96, 0.0032196784442513784, 0.8956708445545833, 1.7742852308703055e-08, 14, 11, 93.37, 93.68, 88.57619744195642, 25.336984218435386
97, 0.10181517217181825, 0.8956708445545833, 1.7742852308703055e-08, 14, 11, 93.7, 94.3, 88.35977645249615, 24.92905397508123
98, 0.0032196784442513784, 5764.241761132214, 1.7742852308703055e-08, 14, 11, 93.31, 93.66, 88.6365852743708, 25.448839942489307
99, 0.0032196784442513784, 0.8956708445545833, 0.00010673830759454255, 14, 11, 9.8, 9.91, 100.0, 114.65247540719238
